8.122276657 -9.263559926 4.955378865 12.58082111 -6.228106819 14.06842167 -7.87250108 7.151342104 0.802141959 -4.357339828 3.34217851 -6.660246088 0
13.88542526 -6.233852322 2.229776427 10.99377017 -8.10762458 12.45302942 -5.30975541 7.431524261 0.767271448 -4.333920464 5.337283786 -9.614959118 0
6.267088775 -4.227738028 7.227740803 10.06941813 -6.953870581 9.38477051 -15.34153811 6.718533216 -0.450951562 -7.177585245 2.53871289 -3.550536167 1
2.286984206 -4.90734954 -1.129505208 2.713912021 -10.9521398 6.361657821 -9.913077375 4.68502312 -2.791460256 -2.026998387 6.082869664 -4.8145108 0
8.278839214 -3.544323815 0.043513369 9.996121431 -6.328045347 10.04386527 -9.992877777 8.430683527 0.893773779 -9.861162163 3.178046363 -4.69095449 1
9.442768281 -8.859284092 7.370241248 10.45341514 -6.54490026 14.15798986 -8.825734216 6.0075906 0.497794072 -3.69717018 4.437547008 -5.309076679 0
2.887828582 0.102067994 1.894939034 5.10668304 -9.698305552 7.355213622 -9.481574866 8.663068851 -1.222045947 -3.036471811 1.558038851 -6.007906942 0
11.58161055 -6.134168056 1.89972757 16.1789423 -6.151053805 14.73949397 -4.501308137 5.508022494 1.428051827 -6.123260617 4.645507053 -5.723536523 0
-0.791620839 1.303787654 -1.791228532 6.227354548 -9.602931267 8.602847859 -7.727415404 6.436677136 -0.055186959 0.486529786 1.698109685 -1.761527882 0
15.19571718 -6.538509612 0.864829094 15.1674211 -8.624122211 11.05379492 -6.124841488 4.914569027 0.596662309 -7.389290302 5.953790016 -7.215542904 0
13.67329039 -9.329461277 -0.008073121 6.951390519 -9.590551221 12.86972032 -9.072661054 3.620028349 -1.772338188 -9.868867098 6.307046227 -0.387155431 1
14.79696134 -4.550371507 1.193711713 11.27737214 -11.59730507 11.49654396 -8.326996818 4.807786275 3.431619637 -9.100934536 5.738491167 1.079621711 1
5.83684251 -5.32655675 7.472264712 8.847439795 -6.773244436 12.6772177 -12.3150607 4.41634401 0.19349986 -3.6448119 2.151238617 -6.816309769 1
11.26346666 -6.01798171 -0.726261805 11.95980033 -5.667234776 12.31847465 -7.892121486 4.131174716 -0.672802272 -9.215645009 4.770874408 -0.822529737 1
13.46616788 -5.783487271 0.693888916 8.240251626 -8.625919346 14.28825398 -6.651368597 7.38766612 2.742086321 -5.090179884 4.722492993 -3.624782834 0
7.886810741 -2.592999134 0.261654587 12.93212907 -4.108914898 11.81413378 -8.904041841 6.176519422 1.559731715 -7.812312531 4.317893024 -1.108532327 1
7.827108364 -5.477471938 7.816257284 9.187591834 -7.172510589 11.71529939 -13.84721376 4.574074827 -1.687559286 -7.204040594 -0.011846903 -6.46314403 1
6.868094472 -10.05147791 7.711083706 8.888669266 -5.472245926 14.50243234 -8.306207125 6.345902063 3.401149599 -2.480285664 3.915966411 -4.976985857 0
11.43662544 -1.856187959 1.522481575 13.45152246 -4.532381323 14.8510002 -6.921417069 5.705517149 2.153224209 -6.030018593 4.674468334 -5.719119194 0
13.92403858 -7.13652074 5.245371919 14.06049392 -6.69289709 12.86182592 -6.736493713 4.859774048 2.87293798 -6.697694822 4.615560892 -5.127709386 0
10.55706119 -7.303096551 0.008079561 13.65331127 -4.463308083 12.46409982 -9.815876749 1.873557415 -1.345833719 -8.634074911 5.302515306 -5.30560019 1
7.59876258 -9.123251714 8.857363274 10.44062053 -8.513083827 12.14017858 -14.73947992 4.682151714 1.213756947 -5.518448346 2.276325314 -4.331024204 1
10.98296717 -5.15744505 3.952060221 11.52938113 -7.638046692 12.13609782 -12.03624732 3.491942786 0.595440752 -4.508810994 2.33214701 -6.221857412 1
11.9270535 -10.77345984 6.575887794 8.153576338 -5.505326052 14.29597123 -11.39687928 4.593266322 0.000701426 -5.430001601 4.872316036 -7.151153542 0
12.44029597 -4.70540956 3.62772196 11.87767188 -9.409796671 10.4410476 -8.150372438 9.492963594 -0.081245867 -9.736503898 3.252667949 -5.966581154 1
13.16595188 -6.29188314 -0.213178225 10.12916494 -12.90884213 9.139080857 -3.884775342 5.614089213 0.561419149 -7.235564554 2.251629618 -8.734724822 0
-2.339694835 0.96536736 2.792281456 1.199950968 -9.312005607 7.929752387 -10.13281459 6.77193928 -3.664477509 -2.816512389 1.677631044 -4.82632351 0
6.744082664 -5.688920291 6.546788659 9.000183182 -6.924963401 11.71076571 -12.37438845 6.169878859 -0.544746654 -6.019237001 1.358559495 -6.356441308 1
7.071475633 -6.512899664 7.650799805 11.1507832 -7.657312341 12.48402056 -11.70977189 3.426596388 1.462715203 -2.812752734 0.866537752 -5.24427382 1
10.22468456 -5.846953698 1.579329809 11.07319234 -6.740058643 13.60030701 -8.348545821 4.256033408 -1.076253289 -7.462050165 4.024938335 -0.636634302 1
10.42139096 -4.261052857 7.47247218 9.172961263 -7.419083435 11.38877177 -14.50895864 6.557093102 0.014110266 -8.559910158 2.59641456 -4.763508342 1
11.01036733 -7.384442995 1.917492933 14.13785699 -7.562775597 8.674801716 -7.466132772 6.909112015 1.764771717 -3.516485101 8.48525642 -7.841632552 0
9.607115023 -5.856413871 6.804577861 13.31806825 -8.356424377 9.999290173 -13.64958749 3.190674125 1.093630441 -8.628708685 0.903910469 -3.572472101 1
0.547574931 -1.779380817 2.805631447 3.532427788 -9.348983444 9.281654235 -9.933611997 6.936922471 -1.430531539 -2.375791955 0.356082576 -6.67672974 0
1.883758513 2.704247081 -0.951695629 6.649428133 -9.468328944 8.848754885 -8.221542304 6.893254889 0.130256248 -2.330361604 1.116558299 -4.026056589 0
10.14880449 -3.633410782 5.470404803 11.26407945 -6.624554949 12.2517509 -12.34663389 6.73482272 1.264492698 -6.930236071 2.982636253 -5.512446989 1
3.351775006 -4.94108279 4.883644052 8.921826976 -9.499665179 8.603317506 -10.35193646 5.430497609 -1.86147581 -2.847879685 2.569424344 -5.344379617 0
11.9577639 -6.774199281 -1.317826199 11.19043618 -8.474790396 13.39176282 -7.793662819 0.736488641 0.192353036 -10.03668863 3.169703304 -2.255794083 1
2.368833368 -7.266768786 4.881857717 6.97136079 -10.03185232 8.649973217 -12.08551274 5.679910445 -0.537339938 -2.777273919 2.353630473 -3.820378932 0
11.93782771 -9.070287445 4.773990642 9.833400292 -7.773159293 11.98482487 -9.258848464 6.588930843 2.999879199 -5.498415786 4.126300638 -2.87731056 0
7.077973162 -7.265477398 9.47413567 9.068400936 -8.417684082 12.10456876 -13.27293918 3.462327081 -1.225247144 -5.04044416 2.291653101 -5.847239467 1
-1.272037565 0.648213544 1.390983109 5.554590639 -7.985096193 7.935629514 -8.823007527 6.829016343 -1.705321976 -1.036783403 2.68025282 -6.399650155 0
4.390234019 -6.965210981 -1.536326605 2.746428954 -9.678738591 9.69945639 -9.576293561 6.126824515 -2.747451802 -1.237191464 5.298370078 -3.869570079 0
13.74460565 -9.93853121 3.068951286 13.79504146 -6.007463166 14.31739547 -9.658241497 0.302305133 1.699647261 -10.99028987 5.381063029 0.124498468 1
12.28075786 -2.437558361 3.175933842 13.47360137 -9.478259535 9.743755166 -8.100078238 9.033167953 3.866758554 -8.987370455 3.850405014 -2.702633064 1
5.385046639 -11.48362829 8.342379317 5.159618308 -9.797843015 9.70683924 -12.97658686 5.550710426 -2.156447397 -2.721450835 3.412069687 -6.087524707 0
10.17641645 -8.272812901 5.810419117 7.394713264 -11.58612727 10.05114236 -7.989370048 9.567757171 -3.167443622 -11.42917794 7.31659197 -2.582566227 1
9.803576775 -4.485605171 9.092753483 12.23694006 -9.27652351 9.972296239 -14.0033464 6.099329437 -0.420891712 -9.935105765 2.556850703 -5.88719697 1
11.50189666 -3.713863703 2.568384295 11.51731037 -6.786669582 12.31491126 -6.956871318 7.220047649 1.100496924 -5.308383026 6.033535679 -7.438233889 0
3.454142923 -4.830971809 4.353051388 7.154381708 -8.301257296 8.881973325 -10.55960314 8.779083691 0.003670313 -2.225012058 1.268998864 -8.339259371 0
9.985760003 -8.976570322 6.122981616 8.83298204 -7.740966474 14.27208206 -6.838789782 8.255204942 1.913148239 -4.204403972 3.748035892 -5.382515907 0
6.745619694 -7.225856181 6.204441638 9.433958381 -7.910076224 10.20428083 -8.566822163 8.70970176 -2.463776728 -8.770122448 5.428403914 -1.647347525 1
13.65829159 -4.330519085 1.223340645 10.79127007 -8.533181152 10.56211972 -8.426623715 7.143288727 -2.106408515 -11.08543095 6.569657755 -4.294400573 1
0.265926028 -2.626205284 0.60748292 1.6891424 -9.649365426 8.153231418 -10.02829758 5.254551539 -1.131937805 -1.301839829 2.05594212 -3.282467872 0
6.754668731 -4.621568683 10.17262463 14.31193773 -7.485512229 10.12609919 -12.33540282 5.022380124 -0.454546816 -9.487128666 1.313203374 -3.971761851 1
8.787293072 -5.524666622 8.752215324 10.00128614 -8.810647032 11.89161903 -13.26549055 6.96857835 0.903084613 -5.969508021 1.760507116 -6.101706311 1
13.63327525 -8.480930031 1.649426261 12.05923359 -7.622313885 13.47354463 -8.337231125 3.671756318 -2.937493965 -8.121959326 9.166065698 -2.191657988 1
1.515896644 -2.529147812 -1.427271632 4.588245432 -8.664691641 7.338897329 -9.540743806 4.701700339 -3.07761136 -0.844468367 4.992310162 -3.61218916 0
3.679129702 -5.759664623 0.884240657 4.593626533 -10.78831051 7.381936094 -9.566687708 2.8304014 -1.532123877 -0.550986856 4.421048305 -3.554567784 0