5.001142984 -4.331843666 4.761263529 4.156639323 -11.01575979 10.55865031 -10.96935057 4.259904078 -0.798664945 -5.808902147 -1.386995841 -3.862958837 1
-1.270663171 -0.781674334 1.673638212 7.571520364 -8.549877203 8.174395207 -10.89347817 5.119629832 -0.324351433 -3.813391506 -0.611499207 -0.560209885 1
1.649263227 -0.700864894 -1.887409223 3.413833982 -6.86850365 10.7145676 -11.09469795 6.617318463 -0.464002778 -2.199675473 3.412144332 -3.245269022 0
5.648965904 -3.18693233 -0.139520815 -0.725239908 -7.26202055 11.69368781 -12.76716873 8.613491049 -0.362161242 -3.459027423 5.874194519 -5.873320569 0
2.731373679 -0.569399803 2.24883008 5.482721924 -6.367244044 9.24032681 -13.83278006 6.290854257 0.721021412 -3.321854182 2.554318095 -9.162162744 0
0.906846048 1.369896791 -1.775439056 8.23509674 -5.219311478 12.4140688 -7.739050122 6.459635324 -0.314050383 -1.226397369 2.3118291 -4.506858667 1
0.987513795 -3.170346244 3.474724141 4.75823095 -8.815665239 10.65169994 -10.97691234 4.214003008 -2.457685997 -3.663845622 -1.045260672 -5.363230164 1
3.787053626 -0.961430006 -1.025479792 7.711923345 -10.58344326 8.573902026 -9.11810109 1.020233883 0.038866046 -5.260792097 0.407795803 0.227588031 1
0.696452642 -3.499187561 1.60366017 4.68950259 -8.448121366 10.87644186 -10.62347913 2.485637086 -1.689225684 -2.142529673 1.754174304 -4.477096264 1
-1.114959276 0.010191696 0.300236373 8.792059405 -3.106896669 11.65110432 -9.967622427 7.048895353 -0.66368464 -1.048662737 3.981389798 -5.172704084 1
-1.591825307 3.147058957 -1.316760687 8.479270245 -3.232696814 11.2121371 -9.015926317 6.194511508 -2.031738812 -0.370499219 5.243465159 -3.953737462 1
-1.892395921 -3.483293425 5.14479586 7.246320565 -7.198909585 8.622761694 -11.37886745 3.747757904 0.379406187 -1.659432201 0.596265413 -2.19669541 1
0.942360344 -0.518286593 -1.593180187 4.222678027 -5.481754733 10.4826707 -10.69894287 5.524382443 1.283395706 -2.067741015 2.4054119 -3.286885534 0
1.16759207 -1.304318273 0.63927875 5.765370095 -8.66779338 8.87433216 -11.6430342 3.693231936 -0.878748802 -3.163780586 2.230835904 -0.596541849 1
-2.863910005 1.608425166 -1.575422733 4.480974395 -4.044909727 9.854652024 -12.43081029 7.228187955 -1.795628924 -1.801882817 3.681854164 -5.804928141 0
5.603785763 -11.02402679 6.383605496 2.725598754 -8.731318375 12.23262393 -8.59581733 4.014853666 -3.508426057 -4.050158723 5.368020807 -3.716240589 0
4.529726448 -4.081026709 -0.280455596 8.684028399 -4.712186234 13.82899039 -10.00007671 5.328037 -0.503693013 -1.544045486 4.336911134 -5.662285241 1
4.987784111 -3.340092712 -0.77006053 6.482683112 -7.409282868 11.84920228 -9.012072441 3.406548586 -1.187046813 -3.605991991 4.321283642 -3.017101754 0
6.121155739 -2.935378785 0.005307308 6.866386938 -6.244676727 12.76751208 -10.15221493 4.508178114 0.718448882 -3.398219041 3.101450606 -2.967535269 0
4.095690171 -4.969491963 4.013537056 9.329499054 -3.987953361 13.81596102 -12.6239124 5.175934117 -0.169277823 -2.175328332 5.18036472 -6.636019997 1
2.485102324 3.505118754 0.111237161 3.856722331 -5.933100623 10.88763884 -11.59068044 8.100160499 -0.267677165 -5.33704241 3.799656889 -5.356913966 0
3.570870841 0.876038157 0.861172765 3.566204488 -7.796933765 11.98397311 -11.11465348 6.245212861 -0.303953585 -2.911860312 3.675607046 -5.105823632 0
-3.250506597 -0.373824411 -1.004004308 6.721493603 -3.066006062 11.05199166 -11.30412743 5.865989335 -0.995239991 -2.055192404 3.644763202 -4.187233831 1
2.356540509 -1.836459129 1.542366468 6.131899138 -6.831272563 11.34020622 -10.44820984 5.141914574 -0.93522553 -1.467817413 4.231722077 -3.582374123 0
2.693463775 -5.05270966 3.021025813 6.262163585 -9.998748756 8.518217327 -11.35802837 1.47044273 1.310129759 -3.642371298 -0.8394156 0.463407829 1
-0.718743745 0.827185614 -1.639385469 7.281519363 -3.61413106 11.56263032 -10.30514257 6.611683138 -0.843088695 -0.888523684 4.410074606 -4.401425675 1
7.031558421 -0.066828287 -0.591358449 8.533170079 -5.898010452 11.15217174 -9.896878613 4.691168187 1.346867849 -0.448675901 1.419259325 -5.570353549 0
7.26630458 -2.226078032 1.169851488 4.777130359 -9.52638583 10.53266807 -10.75020814 5.093525243 0.416796285 -3.714795316 5.202507243 -2.365554624 0
7.350161291 -3.491528846 2.482493138 6.179831975 -7.262913611 11.84757495 -10.32784525 4.184916482 0.289149502 -4.383235928 5.080411666 -4.758753697 0
4.025682718 0.356352237 2.123902851 2.671278182 -7.138005892 11.89370544 -11.24310588 8.075579894 -0.243572681 -4.710040002 4.184636441 -5.677876022 0
0.156075709 -1.205436337 -0.371242612 5.216924938 -4.399390907 10.50432593 -9.745647272 6.660797126 -1.749082182 -3.327718037 5.752471494 -3.106893644 1
2.462373301 -0.401984417 -1.31542001 7.096387386 -9.708779021 7.501631099 -9.610043522 2.721599397 0.608330905 -4.751264444 0.583645222 -1.787141287 1
2.718099391 -5.837985576 3.822593711 7.221968579 -10.13306717 9.329622688 -12.26320115 1.704656635 0.170310819 -3.803533006 -0.682318298 -2.361943037 1
1.587481699 0.005461172 -1.373702161 2.167980607 -11.6280418 11.47425419 -7.998089002 5.759850894 -0.733238228 -3.075857588 3.092658991 -1.522618369 1
7.974354916 -4.237204465 0.94600312 8.600207566 -5.470076088 11.52489969 -11.35035932 3.508474662 0.21827481 -1.067197844 3.670303183 -6.685859912 0
0.700405962 0.548788353 0.359578686 5.88278622 -5.046088799 11.6494333 -11.34622738 7.679066188 -1.58089667 -3.713498205 4.37193761 -5.113578794 1
-2.899402731 2.183397784 -3.753354393 5.036475551 -3.330414041 8.73702847 -10.95455234 4.843103098 -3.015722102 -3.358776393 4.808988907 -3.608235391 1
-3.995852233 0.944183634 -0.402838537 9.502629061 -2.46296659 10.73443373 -9.788837483 6.228163982 -0.200593431 0.707208597 3.513096283 -2.793769597 1
1.699452868 0.647670725 1.332151707 3.542160582 -4.320318217 10.5817737 -14.03027977 6.819567761 -1.747805227 -3.300515584 5.209369218 -6.946679205 0
2.419343385 -2.099892309 2.875509234 4.739944289 -6.689006474 10.3490852 -12.73891536 6.413138621 -0.577457444 -4.680488685 4.17405375 -5.946643147 0
-2.020461035 1.111297927 -2.10706389 6.896539019 -3.377758586 10.68433352 -10.48957333 5.184497293 -2.244897388 -1.704590167 3.565677998 -2.529994264 0
4.833925733 -6.220445264 6.431300086 4.862320618 -11.95569435 10.89569991 -11.17747023 1.999418935 -1.932036906 -2.90520944 -1.606830199 -5.648663446 1
2.495829768 -1.875598442 1.982668698 6.652936036 -6.108521101 12.4220835 -9.261299615 5.136994708 -0.108626305 -1.123193233 3.367769742 -1.504671832 0
3.239860817 -2.494602889 2.120337362 7.515237469 -4.825250495 13.63784978 -9.382526169 5.280039955 -0.700377229 -2.043679741 4.37617712 -1.797158495 1
1.917804269 -2.916444425 2.328218602 3.683352418 -6.599977409 11.62481194 -12.17079931 6.502104917 -2.029338006 -3.048113658 3.764479812 -6.623061028 0
5.818890573 -2.479246003 2.087605077 3.911586933 -6.988191981 10.43712773 -13.75502795 5.922611371 0.714205323 -1.518099431 4.627938291 -8.77574789 0
10.80862135 -8.283689326 0.200663098 11.33121715 -4.263601391 14.15612694 -12.00103568 2.592875806 -3.599760913 -2.112243202 7.452259216 -8.731784952 1
-3.763313384 -2.390785493 1.255305835 3.707946866 -2.490522508 11.27478414 -11.63149429 3.267752883 -1.624154697 -1.176987866 3.384410771 -4.535772104 1
5.260007095 -4.80937324 3.745731456 4.55729336 -5.853546705 13.67020432 -10.86284859 2.795047252 1.535210508 -1.147868361 5.152335291 -1.853667849 0
3.311591122 0.134005404 -0.152898144 7.560210667 -10.57777999 6.859595987 -10.02755769 2.0500116 -0.680482992 -2.611351488 0.422836204 -2.917880683 1
4.240615386 -0.094447143 -1.364827182 4.950463994 -6.543753546 9.743853929 -12.28601243 4.815465535 -0.127633603 -1.968142527 4.127581587 -7.771468486 0
1.804605665 -6.303217858 5.061584349 9.114858259 -4.330390546 12.59998629 -11.18628788 6.409368886 0.044004751 -0.766784499 5.402240856 -7.171191647 1
6.131590791 -1.172269637 1.286914349 3.771093956 -7.465849013 12.57995697 -12.47272365 5.511718188 0.626019233 -3.145062129 5.371699085 -6.158564725 0
6.352581318 1.371860934 -2.222922753 6.041201336 -8.617572643 9.719259012 -10.32586884 5.702149291 1.229226734 -4.141288441 2.926394389 -5.406459375 0
2.374502593 3.526736052 -4.776980085 4.303826485 -4.158953277 11.5515272 -10.42106656 5.407983722 -1.349272907 -4.147459011 4.146724971 -4.911465031 0
7.431262138 -3.711099926 -0.36016792 3.869133667 -8.228539238 10.6361917 -13.48268633 4.417115019 0.622808127 -1.434303876 5.317209219 -8.697709238 0
5.777123369 1.749341283 1.844065562 11.29798315 -9.90638936 7.948936064 -8.283450562 2.659755826 0.152172414 -3.897264563 -0.914525568 -2.923871557 1
-2.880822691 2.407136093 -0.817324942 3.176672677 -4.951862547 10.1084416 -12.87307515 6.805537976 -1.618936068 -1.804693352 4.219988653 -4.777442438 0
-4.835242264 1.5070482 -0.129089474 2.550684605 -7.169083292 10.9997495 -9.278241836 5.906369029 -2.404168457 -1.05533385 -0.311691157 -3.124007714 1
7.018886056 -2.597246292 1.883076298 6.000780719 -6.047508736 12.57361232 -10.78558823 4.497040612 0.589480368 -2.021052745 2.64661345 -4.738374453 0